<?xml version="1.0"?>
<opencv_storage>
<calibration_Time>"2019年12月23日 星期一 23时36分01秒"</calibration_Time>
<nrOfFrames>1</nrOfFrames>
<image_Width>640</image_Width>
<image_Height>480</image_Height>
<board_Width>5</board_Width>
<board_Height>4</board_Height>
<square_Size>22.</square_Size>
<FixAspectRatio>1.</FixAspectRatio>
<!-- flags:  +fix_aspectRatio +fix_principal_point +zero_tangent_dist -->
<flagValue>14</flagValue>
<Camera_Matrix type_id="opencv-matrix">
  <rows>3</rows>
  <cols>3</cols>
  <dt>d</dt>
  <data>
    5.4389260533528011e+02 0. 3.1950000000000000e+02 0.
    5.4389260533528011e+02 2.3950000000000000e+02 0. 0. 1.</data></Camera_Matrix>
<Distortion_Coefficients type_id="opencv-matrix">
  <rows>5</rows>
  <cols>1</cols>
  <dt>d</dt>
  <data>
    -2.8307755463822193e-01 -1.7211473587998785e-01 0. 0.
    2.3471043482892568e+00</data></Distortion_Coefficients>
<Avg_Reprojection_Error>2.4123296098998409e-01</Avg_Reprojection_Error>
<Per_View_Reprojection_Errors type_id="opencv-matrix">
  <rows>1</rows>
  <cols>1</cols>
  <dt>f</dt>
  <data>
    2.41232961e-01</data></Per_View_Reprojection_Errors>
<!-- a set of 6-tuples (rotation vector + translation vector) for each view -->
<Extrinsic_Parameters type_id="opencv-matrix">
  <rows>1</rows>
  <cols>6</cols>
  <dt>d</dt>
  <data>
    -4.7309733171784224e-01 -5.4705794639763189e-02
    -1.3269197409701412e+00 -2.0093157382952676e+01
    5.1421097068599231e+01 2.5205195702989275e+02</data></Extrinsic_Parameters>
<Image_points type_id="opencv-matrix">
  <rows>1</rows>
  <cols>20</cols>
  <dt>"2f"</dt>
  <data>
    2.76879883e+02 3.49238159e+02 2.89165253e+02 3.04808624e+02
    3.01054993e+02 2.62029388e+02 3.13228180e+02 2.20982010e+02
    3.24368896e+02 1.82313110e+02 3.20987305e+02 3.59747406e+02
    3.32554840e+02 3.14105377e+02 3.43881592e+02 2.70020172e+02
    3.55263702e+02 2.27816528e+02 3.65429352e+02 1.88254623e+02
    3.67157562e+02 3.70417755e+02 3.78294373e+02 3.23499420e+02
    3.88813507e+02 2.78330994e+02 3.99144501e+02 2.35025528e+02
    4.08142609e+02 1.94404587e+02 4.15089722e+02 3.80645111e+02
    4.25570038e+02 3.32797760e+02 4.35162659e+02 2.86792267e+02
    4.44302094e+02 2.42664398e+02 4.52012177e+02 2.01139664e+02</data></Image_points>
</opencv_storage>
