第1幅图像的平均误差：0.307354像素
第2幅图像的平均误差：0.0437455像素
第3幅图像的平均误差：0.319787像素
第4幅图像的平均误差：0.41462像素
第5幅图像的平均误差：0.593671像素
第6幅图像的平均误差：0.469811像素
第7幅图像的平均误差：0.0467713像素
第8幅图像的平均误差：0.0464072像素
第9幅图像的平均误差：0.239918像素
第10幅图像的平均误差：0.0619623像素
第11幅图像的平均误差：0.157088像素
第12幅图像的平均误差：0.421639像素
第13幅图像的平均误差：0.506473像素
第14幅图像的平均误差：0.241742像素
第15幅图像的平均误差：0.0625914像素
第16幅图像的平均误差：0.0851661像素
第17幅图像的平均误差：0.414807像素
第18幅图像的平均误差：0.136153像素
第19幅图像的平均误差：0.456287像素
第20幅图像的平均误差：0.0736672像素
第21幅图像的平均误差：0.318257像素
第22幅图像的平均误差：0.0729783像素
第23幅图像的平均误差：0.107579像素
第24幅图像的平均误差：0.19108像素
第25幅图像的平均误差：0.0543441像素
第26幅图像的平均误差：0.173928像素
第27幅图像的平均误差：0.0345168像素
第28幅图像的平均误差：0.0381019像素
第29幅图像的平均误差：0.0700543像素
第30幅图像的平均误差：0.0494951像素
第31幅图像的平均误差：0.0528896像素
第32幅图像的平均误差：0.0758985像素
第33幅图像的平均误差：0.238887像素
第34幅图像的平均误差：0.0565633像素
第35幅图像的平均误差：0.0713041像素
第36幅图像的平均误差：0.489356像素
第37幅图像的平均误差：0.337268像素
第38幅图像的平均误差：0.0679124像素
第39幅图像的平均误差：0.0664302像素
第40幅图像的平均误差：0.21748像素
第41幅图像的平均误差：0.224438像素
总体平均误差：0.197766像素

相机内参数矩阵：
[296.8327187939319, 0, 644.2914682938;
 0, 224.2203911957306, 437.4784843416995;
 0, 0, 1]
畸变系数：
[0.132063, -0.0995118, 0.0848863, -0.0265699]
第1幅图像的旋转向量：
[0.185556, -2.58235, -0.726681]
第1幅图像的旋转矩阵：
[-0.890297182457323, -0.007701279276744452, -0.4553148550245794;
 -0.2440218369164214, 0.8522516659716241, 0.4627314998533456;
 0.3844792192258087, 0.5230753178521167, -0.7606365372748141]
第1幅图像的平移向量：
[13.1076, -140.599, 161.268]
第2幅图像的旋转向量：
[-2.05198, -1.90392, -0.893444]
第2幅图像的旋转矩阵：
[-0.01407131517211369, 0.9570697967264422, 0.2895158066208712;
 0.8343102701952224, -0.148350193389945, 0.5309600673948474;
 0.5511155696730967, 0.2490173172997664, -0.7964056783754907]
第2幅图像的平移向量：
[-249.547, -162.256, 189.442]
第3幅图像的旋转向量：
[-1.6702, -1.85869, -0.210823]
第3幅图像的旋转矩阵：
[-0.004753400159496102, 0.9411826989362078, -0.33786466582062;
 0.8416012786676372, 0.1862427918207017, 0.5069722973100488;
 0.5400784136881621, -0.2819374925723541, -0.792985849400916]
第3幅图像的平移向量：
[238.084, -177.78, 229.862]
第4幅图像的旋转向量：
[-1.84325, -1.84473, -0.651587]
第4幅图像的旋转矩阵：
[-0.005941626874272798, 0.9998714261983765, 0.01489389613604092;
 0.7874097645950393, -0.004502882383114915, 0.6164134867689288;
 0.61640129760609, 0.01539009818903336, -0.7872817698811909]
第4幅图像的平移向量：
[-93.3903, -249.441, 336.47]
第5幅图像的旋转向量：
[-1.86046, -1.92798, -0.439344]
第5幅图像的旋转矩阵：
[-0.01335679533827028, 0.9965458641780954, -0.08196301975784195;
 0.8626462581362492, 0.05293490378424082, 0.5030301474910632;
 0.5056313176038637, -0.06398622157063177, -0.860373601470486]
第5幅图像的平移向量：
[150.226, -227.553, 307.144]
第6幅图像的旋转向量：
[-1.8254, -1.82174, -0.582525]
第6幅图像的旋转矩阵：
[0.01684981797993934, 0.9989257447266572, -0.04316758223871692;
 0.7885529319977232, 0.01326773425046557, 0.6148237476428942;
 0.6147360059991906, -0.04439959177911995, -0.7874822659450881]
第6幅图像的平移向量：
[20.3181, -246.431, 338.523]
第7幅图像的旋转向量：
[-1.59409, -1.83015, -0.105533]
第7幅图像的旋转矩阵：
[-0.000420008962891516, 0.8968858298719496, -0.4422619492646585;
 0.8401051009374799, 0.240209780244558, 0.4863359752821995;
 0.5424234904309528, -0.3713422540591974, -0.7535792508946464]
第7幅图像的平移向量：
[53.9927, -177.12, 224.053]
第8幅图像的旋转向量：
[-1.87745, -1.903, -0.535007]
第8幅图像的旋转矩阵：
[-0.006808403049806455, 0.9997155987667283, -0.02285535452346793;
 0.8413494227918985, 0.01807960150267141, 0.5401891120498858;
 0.5404486973022053, -0.01555151413807121, -0.841233235192454]
第8幅图像的平移向量：
[-153.198, -184.108, 227.343]
第9幅图像的旋转向量：
[-1.59917, -1.84938, -0.106411]
第9幅图像的旋转矩阵：
[-0.01329141140027945, 0.9011364066708185, -0.4333318762281327;
 0.84548713586191, 0.2414950858541656, 0.4762684396433521;
 0.5338303489639875, -0.3600462471415226, -0.7651090500342372]
第9幅图像的平移向量：
[236.278, -190.142, 248.244]
第10幅图像的旋转向量：
[-1.97396, -1.90912, -0.716487]
第10幅图像的旋转矩阵：
[-0.008878337048591201, 0.9898126654649382, 0.1420987769702691;
 0.8389011223625344, -0.06996512263282562, 0.5397682729781863;
 0.5442114313666444, 0.1239990681423386, -0.8297337820468079]
第10幅图像的平移向量：
[-264.335, -175.959, 210.784]
第11幅图像的旋转向量：
[-2.06584, -1.94163, -0.730217]
第11幅图像的旋转矩阵：
[0.007316259436057404, 0.9782806514638472, 0.2071555920542227;
 0.8723451877187897, -0.1075144889748643, 0.4769219098807937;
 0.4888357043135604, 0.17722189941411, -0.8541850224373643]
第11幅图像的平移向量：
[-172.189, -211.959, 270.014]
第12幅图像的旋转向量：
[-1.81727, -1.83575, -0.608418]
第12幅图像的旋转矩阵：
[-0.0002078809750649668, 0.999593043153959, -0.02852551250559854;
 0.7846926662418923, 0.01784559353454807, 0.6196280774283792;
 0.6198849702418103, -0.02225495157502122, -0.784377039948712]
第12幅图像的平移向量：
[-56.5897, -249.596, 338.764]
第13幅图像的旋转向量：
[-1.77284, -1.84307, -0.384777]
第13幅图像的旋转矩阵：
[0.01959066972678836, 0.9821291738678237, -0.1871857139243331;
 0.8251996092460518, 0.08982375867594483, 0.5576533845297537;
 0.5645013822479263, -0.165390381265151, -0.8086929029150365]
第13幅图像的平移向量：
[142.566, -232.78, 319.878]
第14幅图像的旋转向量：
[-1.96367, -1.92823, -0.562969]
第14幅图像的旋转矩阵：
[0.005320858929969918, 0.9988107777841985, 0.04846358057729497;
 0.8679819784793744, -0.02867915328783555, 0.4957668718275998;
 0.4965671893060176, 0.03942760896652794, -0.8671023527565268]
第14幅图像的平移向量：
[-181.605, -227.352, 295.474]
第15幅图像的旋转向量：
[0.0175249, 2.95078, 0.868144]
第15幅图像的旋转矩阵：
[-0.9977771405263187, -0.007612496217419971, 0.06620292851877818;
 0.02945205866245766, 0.8407857619255225, 0.5405662575335796;
 -0.05977753828710111, 0.5413144672412301, -0.8386926096441276]
第15幅图像的平移向量：
[-36.5436, -185.161, 229.428]
第16幅图像的旋转向量：
[-1.81269, -1.89183, -0.414919]
第16幅图像的旋转矩阵：
[-0.003693250259164893, 0.9910192362420265, -0.1336683706072367;
 0.8441135067628898, 0.0747570812649011, 0.5309272704440881;
 0.5361517952995961, -0.1108704297773908, -0.8368088193834937]
第16幅图像的平移向量：
[63.9363, -116.155, 130.444]
第17幅图像的旋转向量：
[-1.92231, -1.91494, -0.582514]
第17幅图像的旋转矩阵：
[-0.005851876115794963, 0.9994074444243256, 0.03391925080487893;
 0.8490017292030069, -0.01295663078101861, 0.5282311894702062;
 0.528357662342688, 0.03188864606789146, -0.8484228278964014]
第17幅图像的平移向量：
[11.8445, -240.523, 322.484]
第18幅图像的旋转向量：
[-1.91629, -1.90726, -0.584417]
第18幅图像的旋转矩阵：
[-0.003889968024399781, 0.9995519011253229, 0.02967937171711016;
 0.844590478215097, -0.01260653071119966, 0.5352644201624295;
 0.5353987226891408, 0.02714907623070861, -0.8441629791708801]
第18幅图像的平移向量：
[29.7228, -98.3691, 102.29]
第19幅图像的旋转向量：
[-1.72972, -1.8797, -0.312006]
第19幅图像的旋转矩阵：
[-0.01031001792416064, 0.9700094184224702, -0.2428485777230429;
 0.8395336419367107, 0.1403286820450755, 0.5248724845636084;
 0.5432098743458984, -0.1984681061712269, -0.8158023309882855]
第19幅图像的平移向量：
[243.964, -167.507, 213.189]
第20幅图像的旋转向量：
[-2.01722, -1.91386, -0.770371]
第20幅图像的旋转矩阵：
[-0.005796583185386672, 0.9799543676808108, 0.1991377334577183;
 0.8446416126515964, -0.1018041173155779, 0.5255630008618442;
 0.5353007993648856, 0.1712464859811682, -0.8271201214082609]
第20幅图像的平移向量：
[-112.452, -111.472, 116.766]
第21幅图像的旋转向量：
[-1.81477, -1.92192, -0.382855]
第21幅图像的旋转矩阵：
[-0.01813596778137594, 0.9896821939012745, -0.1421275544973352;
 0.8596708817979706, 0.08801889823866604, 0.5032083549997469;
 0.5105262595218123, -0.1130567495889186, -0.8523972722334673]
第21幅图像的平移向量：
[31.1159, -235.618, 313.487]
第22幅图像的旋转向量：
[-1.96364, -1.91353, -0.672401]
第22幅图像的旋转矩阵：
[-0.00638822355867108, 0.9938303189554195, 0.1107270866804212;
 0.844639552272234, -0.05391165624290184, 0.5326138939780929;
 0.5352973167662288, 0.09692693354334619, -0.8390839959245793]
第22幅图像的平移向量：
[-123.007, -119.885, 129.244]
第23幅图像的旋转向量：
[-1.84154, -1.90376, -0.464645]
第23幅图像的旋转矩阵：
[-0.008644647386753967, 0.9963647337213979, -0.08475014730280447;
 0.8452901020465013, 0.05256132227347787, 0.531716043375672;
 0.5342376937785041, -0.06704196295718073, -0.8426716215401308]
第23幅图像的平移向量：
[91.8594, -182.006, 232.091]
第24幅图像的旋转向量：
[-1.99409, -1.95851, -0.585717]
第24幅图像的旋转矩阵：
[-0.004028521523899542, 0.9961792201256052, 0.08723951171500757;
 0.8805113825828328, -0.03781922416380679, 0.4725139272293635;
 0.4740078861753252, 0.07871891560221839, -0.8769947868545234]
第24幅图像的平移向量：
[-100.585, -229.041, 298.672]
第25幅图像的旋转向量：
[-1.42387, -1.76525, 0.114222]
第25幅图像的旋转矩阵：
[0.00223242741791474, 0.7629809507747736, -0.6464171138070575;
 0.8399237676868865, 0.3493815424500433, 0.415283761143984;
 0.5426998072069759, -0.5438681885806993, -0.6400658659133919]
第25幅图像的平移向量：
[179.851, -186.007, 241.303]
第26幅图像的旋转向量：
[0.129693, -2.72965, -0.782265]
第26幅图像的旋转矩阵：
[-0.9515307350538612, -0.004593026618070817, -0.3075193723236704;
 -0.1667768436353606, 0.8478169524444952, 0.5033804719839209;
 0.2584080971542592, 0.5302691007914889, -0.8074898984327301]
第26幅图像的平移向量：
[11.8342, -134.007, 151.506]
第27幅图像的旋转向量：
[-1.8065, -1.88859, -0.408844]
第27幅图像的旋转矩阵：
[-0.002847162728776609, 0.9899165208914233, -0.1416233572918547;
 0.8427151241214177, 0.07861903950117066, 0.5325882708105177;
 0.5383522204295436, -0.1178317796442618, -0.8344414649718974]
第27幅图像的平移向量：
[19.8276, -176.287, 221.733]
第28幅图像的旋转向量：
[-1.73505, -1.87119, -0.305867]
第28幅图像的旋转矩阵：
[-0.002001928830184907, 0.9692948873355474, -0.2458930939781092;
 0.8405492044599758, 0.1348396286863573, 0.524685915017191;
 0.5417315083716846, -0.205634860665437, -0.8150099857771349]
第28幅图像的平移向量：
[51.7551, -156.99, 192.893]
第29幅图像的旋转向量：
[-1.91304, -1.91133, -0.584644]
第29幅图像的旋转矩阵：
[-0.007556452091944998, 0.999547165216489, 0.02912669805287127;
 0.8448008960412939, -0.009203301044002354, 0.5350016311168785;
 0.535027425539672, 0.02864897480843698, -0.8443487965069982]
第29幅图像的平移向量：
[-152.392, -118.525, 126.451]
第30幅图像的旋转向量：
[-1.51443, -1.79679, -0.000136516]
第30幅图像的旋转矩阵：
[0.004546158462179983, 0.8390631782779985, -0.5440149954746288;
 0.8389805024142196, 0.2928274230433199, 0.4586543544790482;
 0.5441424896219927, -0.4585030895990042, -0.7026264070017203]
第30幅图像的平移向量：
[177.673, -171.825, 219.672]
第31幅图像的旋转向量：
[-1.85001, -1.89706, -0.478814]
第31幅图像的旋转矩阵：
[-0.003630236500472894, 0.9972886126054125, -0.07349996292871147;
 0.8429547619680579, 0.04259332622166301, 0.5362956999983777;
 0.5379722024959332, -0.06001026353005234, -0.8408238088997766]
第31幅图像的平移向量：
[-59.0027, -181.235, 226.358]
第32幅图像的旋转向量：
[-1.88606, -1.90958, -0.532605]
第32幅图像的旋转矩阵：
[-0.007289676153677482, 0.999816787816341, -0.01769891019777331;
 0.8463290188180811, 0.01559579009748846, 0.5324321207794094;
 0.5326106012163099, -0.01109784356753302, -0.8462876492896205]
第32幅图像的平移向量：
[-138.554, -113.369, 119.227]
第33幅图像的旋转向量：
[-1.89323, -1.91845, -0.552019]
第33幅图像的旋转矩阵：
[-0.01335971606791286, 0.9999106587369738, 0.000438783290671152;
 0.8472282182558256, 0.01108667525771023, 0.5311133888566447;
 0.5310610738678219, 0.007467273660547669, -0.8473006406503151]
第33幅图像的平移向量：
[97.7767, -174.913, 220.514]
第34幅图像的旋转向量：
[-1.50867, -1.80494, 0.0134734]
第34幅图像的旋转矩阵：
[-0.003441707678523365, 0.834622239050909, -0.5508120121510629;
 0.8427520844286032, 0.2989214544040023, 0.4476772143947471;
 0.5382908868256084, -0.462657197262339, -0.7044084319355193]
第34幅图像的平移向量：
[67.1275, -190.026, 244.387]
第35幅图像的旋转向量：
[-1.88397, -1.90723, -0.521659]
第35幅图像的旋转矩阵：
[-0.004766425984014111, 0.9996481629221696, -0.02609274898645836;
 0.8472093555174898, 0.01789860084276118, 0.5309575764705794;
 0.531237789607421, -0.01957525106359853, -0.8469965882096684]
第35幅图像的平移向量：
[-52.7573, -110.247, 117.685]
第36幅图像的旋转向量：
[-2.05108, -1.92912, -0.799133]
第36幅图像的旋转矩阵：
[-0.006201977454621477, 0.9712761093128283, 0.237874452083;
 0.8549680089984734, -0.1182264382622228, 0.5050269427317866;
 0.5186436532580331, 0.2065072124018042, -0.8296767636623297]
第36幅图像的平移向量：
[32.0503, -221.809, 291.444]
第37幅图像的旋转向量：
[-1.83207, -1.89638, -0.43099]
第37幅图像的旋转矩阵：
[-0.002214576010581504, 0.993696763847885, -0.11207960194136;
 0.8476444757447358, 0.06133059786722117, 0.5270079700580257;
 0.5305600233644872, -0.09383655622138704, -0.8424373937118327]
第37幅图像的平移向量：
[-119.063, -244.96, 324.952]
第38幅图像的旋转向量：
[-1.87921, -1.90663, -0.514767]
第38幅图像的旋转矩阵：
[-0.004972796715558503, 0.9994416845373078, -0.03303922671694864;
 0.84700715408131, 0.02177245406193107, 0.5311354264019683;
 0.5315582303265611, -0.0253432328906415, -0.8466425268782246]
第38幅图像的平移向量：
[-65.0747, -120.543, 132.98]
第39幅图像的旋转向量：
[0.0135602, 2.94245, 0.867163]
第39幅图像的旋转矩阵：
[-0.9972247939915321, -0.01242872657368602, 0.07340461160106408;
 0.02936601983928809, 0.8403587316903764, 0.5412345507730834;
 -0.06841306254908532, 0.5418881146763594, -0.8376615808577804]
第39幅图像的平移向量：
[-50.2525, -121.394, 131.391]
第40幅图像的旋转向量：
[-1.93828, -1.94323, -0.496653]
第40幅图像的旋转矩阵：
[-0.002401700695022768, 0.9999969497961478, -0.0005763958470770547;
 0.8770874302146228, 0.002383366007961629, 0.4803248477082795;
 0.4803247563818477, 0.0006480469682785539, -0.8770904790509617]
第40幅图像的平移向量：
[-108.77, -237.107, 312.706]
第41幅图像的旋转向量：
[-1.54581, -1.82564, -0.0302174]
第41幅图像的旋转矩阵：
[-0.009010244522231758, 0.8627198024351977, -0.5056019758464383;
 0.8455146573798028, 0.2765237557718125, 0.4567708141396131;
 0.5338761838193982, -0.4233782646523361, -0.7319337848264778]
第41幅图像的平移向量：
[232.816, -199.597, 264.188]

