第1幅图像的平均误差：0.0246699像素
第2幅图像的平均误差：0.0236226像素
第3幅图像的平均误差：0.0437085像素
第4幅图像的平均误差：0.0270802像素
第5幅图像的平均误差：0.0335435像素
第6幅图像的平均误差：0.035077像素
第7幅图像的平均误差：0.0336575像素
第8幅图像的平均误差：0.0399623像素
第9幅图像的平均误差：0.0498204像素
第10幅图像的平均误差：0.0483967像素
第11幅图像的平均误差：0.0447674像素
第12幅图像的平均误差：0.0377487像素
第13幅图像的平均误差：0.0496067像素
第14幅图像的平均误差：0.0285264像素
总体平均误差：0.0371563像素

相机内参数矩阵：
[323.5998089037573, 0, 625.6459653760858;
 0, 323.9261427446804, 600.8335322991654;
 0, 0, 1]
畸变系数：
[-0.0354027, 0.0111319, -0.00952691, 0.00223733]
第1幅图像的旋转向量：
[-3.0422, 0.388726, -0.01187]
第1幅图像的旋转矩阵：
[0.9678854935870529, -0.2508079997002822, 0.01711778578236536;
 -0.2513851468974417, -0.9651318218730947, 0.07297995839456746;
 -0.001783037604583648, -0.07493940014614735, -0.9971864956379205]
第1幅图像的平移向量：
[-36.2316, 84.0348, 169.612]
第2幅图像的旋转向量：
[2.4438, -1.67056, 0.729431]
第2幅图像的旋转矩阵：
[0.2865662217146973, -0.8987178394167774, 0.3319428349674116;
 -0.8543644670409309, -0.3965000007299118, -0.3359302113223012;
 0.4335218080212677, -0.1873339118665367, -0.8814560950125376]
第2幅图像的平移向量：
[9.70822, 174.705, 164.253]
第3幅图像的旋转向量：
[2.69167, -1.26084, -0.376226]
第3幅图像的旋转矩阵：
[0.6162983038141188, -0.7339498732658285, -0.2854715121494869;
 -0.7703728454088565, -0.6370970958338864, -0.02515888583959708;
 -0.1634077102602644, 0.2354248797665658, -0.958056911782591]
第3幅图像的平移向量：
[122.601, 184.112, 123.142]
第4幅图像的旋转向量：
[-2.93197, 0.18153, -0.803726]
第4幅图像的旋转矩阵：
[0.8539432944330668, -0.08919215586351061, 0.512665201886396;
 -0.1398071378248982, -0.9883021056492657, 0.06093367035094519;
 0.5012332930941537, -0.1237081537395453, -0.8564236560209808]
第4幅图像的平移向量：
[-114.248, 30.52, 149.242]
第5幅图像的旋转向量：
[2.83552, -1.05407, -0.353097]
第5幅图像的旋转矩阵：
[0.7341709241513993, -0.6318420116862012, -0.2485331494972353;
 -0.6540556268890546, -0.7563913696963414, -0.009128679184776486;
 -0.1822204463430123, 0.1692565157304944, -0.9685803739583651]
第5幅图像的平移向量：
[99.7756, 186.63, 139.24]
第6幅图像的旋转向量：
[-2.75998, -1.00262, -0.609814]
第6幅图像的旋转矩阵：
[0.6953403632381581, 0.6410629425160344, 0.3248693321698882;
 0.5833131885394514, -0.7674746657173096, 0.2659480429671219;
 0.4198184170897745, 0.004576157207463738, -0.9075965818894696]
第6幅图像的平移向量：
[-155.68, -53.6992, 153.95]
第7幅图像的旋转向量：
[-2.83916, -0.887168, -0.735473]
第7幅图像的旋转矩阵：
[0.7175374444379583, 0.5543279869110059, 0.421735104961202;
 0.5171734374924136, -0.8295915395302318, 0.2104982496177593;
 0.4665529459576104, 0.06706981785461827, -0.8819467036908882]
第7幅图像的平移向量：
[-122.829, -60.047, 93.49]
第8幅图像的旋转向量：
[-2.94967, 0.176343, -0.583644]
第8幅图像的旋转矩阵：
[0.9183935603809545, -0.0891523064827148, 0.3854933650526375;
 -0.1392239177645873, -0.9847915519098612, 0.1039341137896821;
 0.3703646432545544, -0.1491223173632278, -0.9168383529778559]
第8幅图像的平移向量：
[-65.1439, 66.0063, 93.7896]
第9幅图像的旋转向量：
[-2.7975, 0.883151, 0.166021]
第9幅图像的旋转矩阵：
[0.814860554900617, -0.5778451438176895, -0.04579591502932441;
 -0.5550284766271354, -0.800584387054192, 0.2258495723662661;
 -0.1671695731884862, -0.1586178709079709, -0.9730851477792689]
第9幅图像的平移向量：
[-31.1573, 4.36786, 135.008]
第10幅图像的旋转向量：
[-2.98158, 0.0860842, -0.701209]
第10幅图像的旋转矩阵：
[0.8938413039891683, -0.03688373688655729, 0.4468638643213669;
 -0.07230123220160124, -0.995425216472607, 0.06245934864048576;
 0.4425158246945208, -0.08813755365192992, -0.8924189131406737]
第10幅图像的平移向量：
[-85.8188, 61.4586, 69.6201]
第11幅图像的旋转向量：
[-3.00412, 0.23969, 0.158766]
第11幅图像的旋转矩阵：
[0.9819175717707491, -0.1640148723438348, -0.09453572815539998;
 -0.1510279971368888, -0.9797853039500372, 0.1311918528124109;
 -0.1141421321364554, -0.1145420438684806, -0.9868392441820375]
第11幅图像的平移向量：
[-15.4488, 33.2107, 127.506]
第12幅图像的旋转向量：
[-2.86432, 0.432926, -0.547313]
第12幅图像的旋转矩阵：
[0.8889849394651372, -0.2469912010130544, 0.3856178471314514;
 -0.3183871703793031, -0.9386117655250711, 0.1328064883797837;
 0.3291434142467796, -0.2408387432288209, -0.9130505531557029]
第12幅图像的平移向量：
[-67.9931, 122.97, 113.483]
第13幅图像的旋转向量：
[-2.91225, -0.525068, -0.662203]
第13幅图像的旋转矩阵：
[0.845122295920636, 0.3553933858090921, 0.3993292454366244;
 0.3077963956857425, -0.9342586852984409, 0.1800613444004426;
 0.4370694266826494, -0.0292617543489582, -0.8989516483058038]
第13幅图像的平移向量：
[-94.3535, 9.83668, 66.3259]
第14幅图像的旋转向量：
[-2.18012, -1.94164, -0.405006]
第14幅图像的旋转矩阵：
[0.1027874534229651, 0.9919306007256711, 0.07421874940222473;
 0.9388840067913206, -0.1213923370040906, 0.3221191119883453;
 0.3285293916992762, 0.03657299359765262, -0.9437853860539532]
第14幅图像的平移向量：
[-54.7829, -82.9538, 215.484]

