%YAML:1.0
calibration_time: "03/15/11 17:35:33"
image_count: 6
image_width: 720
image_height: 480
board_width: 6
board_height: 4
square_size: 1.
flags: 0
camera_matrix: !!opencv-matrix
   rows: 3
   cols: 3
   dt: d
   data: [ 275.7448707044327400, 0., 373.3411989191645300, 0.,
       245.9617830968225000, 229.3983367564181900, 0., 0., 1. ]
distortion_coefficients: !!opencv-matrix
   rows: 1
   cols: 4
   dt: d
   data: [ -0.2435591449125021, 0.0306368737606101,
       -3.5005541388025232e-003, -2.5858332261594797e-003 ]
avg_reprojection_error: 6.9393476910061302
per_view_reprojection_errors: !!opencv-matrix
   rows: 1
   cols: 6
   dt: d
   data: [ 6.5324261983235674, 7.5340086619059248, 6.6316738128662109,
       6.7880446116129560, 7.7014163335164385, 6.4485165278116865 ]
# a set of 6-tuples (rotation vector + translation vector) for each view
extrinsic_parameters: !!opencv-matrix
   rows: 6
   cols: 6
   dt: f
   data: [ -2.07502413, -2.25595069, 0.10791662, -2.07785606,
       -1.53814101, 2.51256585, 1.77728450, 2.13282943, 0.56069326,
       -1.88812268, -1.54802132, 1.30805516, -1.71790731, -2.14156318,
       0.47288361, -1.68726492, -2.53431201, 3.79173827, -1.80335069,
       -2.31497025, -0.21168275, -1.58151925, -1.07934475, 2.54613805,
       -2.01518917, -2.17618895, 0.23522606, -2.04738760, -1.69872713,
       2.63437796, 2.07853794, 1.97480655, 0.63546360, -0.44599932,
       -1.44529676, 1.98539019 ]
