%YAML:1.0
calibration_time: "03/04/11 18:59:04"
image_count: 8
image_width: 720
image_height: 480
board_width: 7
board_height: 7
square_size: 1.
flags: 0
camera_matrix: !!opencv-matrix
   rows: 3
   cols: 3
   dt: d
   data: [ 238.5075200728045700, 0., 354.7139318014819800, 0.,
       215.8244926518681600, 216.8775148989670100, 0., 0., 1. ]
distortion_coefficients: !!opencv-matrix
   rows: 1
   cols: 4
   dt: d
   data: [ -0.2062630671240197, 0.0230184949575857,
       -1.8516749021758924e-003, -7.0089354821733943e-004 ]
avg_reprojection_error: 4.5839777284738972
per_view_reprojection_errors: !!opencv-matrix
   rows: 1
   cols: 8
   dt: d
   data: [ 4.5682899319395727, 5.3550348865742583, 4.6092873398138554,
       4.6792339402802137, 3.3741984464684309, 5.6285665083904659,
       6.0996126447405130, 2.3575981295838648 ]
# a set of 6-tuples (rotation vector + translation vector) for each view
extrinsic_parameters: !!opencv-matrix
   rows: 8
   cols: 6
   dt: f
   data: [ -2.14799118, -2.18282175, -0.04919602, -3.11269951,
       -2.32131648, 3.12038589, 2.07263350, -2.04565430, -0.40169027,
       2.83332181, 3.65229416, 2.11337018, -2.22379637, -2.20796943,
       -0.67967284, -3.60140657, -2.21321321, 1.97433341, -2.16366363,
       -2.34505749, -0.51654619, -3.68889761, -2.68543148, 2.10666203,
       -2.18536949, -2.36909175, -0.28115821, -3.65497279, -3.01551104,
       3.39790869, 2.78994370, 0.17244145, 0.17959233, -3.69376874,
       1.93009520, 2.03566837, -1.92693782, 1.98826146, 0.22183813,
       1.20709455, 3.83706379, 5.22667456, -2.11028767, -2.23744869,
       0.05655145, -3.45150709, -2.06374574, 5.53887796 ]
