%YAML:1.0
calibration_time: "03/08/11 09:20:14"
image_count: 7
image_width: 720
image_height: 480
board_width: 7
board_height: 7
square_size: 1.
flags: 0
camera_matrix: !!opencv-matrix
   rows: 3
   cols: 3
   dt: d
   data: [ 316.4304626368295300, 0., 359.7842894509942700, 0.,
       286.6144154341764100, 241.1773302487586600, 0., 0., 1. ]
distortion_coefficients: !!opencv-matrix
   rows: 1
   cols: 4
   dt: d
   data: [ -0.2886408794746905, 0.0797363257543829,
       4.3286484966358654e-004, 1.7829547874750706e-003 ]
avg_reprojection_error: 0.7744668454540019
per_view_reprojection_errors: !!opencv-matrix
   rows: 1
   cols: 7
   dt: d
   data: [ 0.7338312888632015, 0.6931499559052137, 0.6970084054129464,
       0.8523251280492666, 0.7876389172612405, 0.8590439776985013,
       0.7982702449876435 ]
# a set of 6-tuples (rotation vector + translation vector) for each view
extrinsic_parameters: !!opencv-matrix
   rows: 7
   cols: 6
   dt: f
   data: [ -2.15812397, -2.15629005, -0.13611281, -2.83097529,
       -2.43057537, 3.92919707, -2.24964166, -2.20633340, -0.26575011,
       -2.80917144, -2.43318582, 4.15049314, -0.06718154, -2.80151320,
       0.06103105, 1.81054175, -2.78513765, 5.09627247, 2.08863735,
       2.07723570, -0.33612761, -3.22318196, -3.42630219, 5.89761448,
       -2.06980896, -2.18731999, -0.25338784, -2.91692638, -2.34518623,
       3.59761119, 2.07143283, 2.27247334, 0.30858812, -1.80597889,
       -2.50346708, 3.55429482, -2.13719916, -2.23757529, 0.06524508,
       -3.11698580, -2.97546458, 4.42433310 ]
